year,age,men,women,sum
1989,0,370680,354974,725654
1989,1,379109,362729,741838
1989,2,397772,381864,779636
1989,3,387079,374154,761233
1989,4,399224,383125,782349
1989,5,403120,390385,793505
1989,6,374190,361074,735264
1989,7,361379,349656,711035
1989,8,374245,360196,734441
1989,9,366513,353263,719776
1989,10,365252,353444,718696
1989,11,358882,348483,707365
1989,12,374373,363147,737520
1989,13,369002,359436,728438
1989,14,367348,357371,724719
1989,15,372240,354567,726807
1989,16,386514,368871,755385
1989,17,377658,355397,733055
1989,18,350223,343807,694030
1989,19,321252,318730,639982
1989,20,328366,327607,655973
1989,21,331818,325406,657224
1989,22,340749,335322,676071
1989,23,332679,329902,662581
1989,24,350974,349593,700567
1989,25,373758,375162,748920
1989,26,386940,390165,777105
1989,27,395429,397253,792682
1989,28,412097,417496,829593
1989,29,401412,407403,808815
1989,30,403062,410270,813332
1989,31,391578,398415,789993
1989,32,383800,394610,778410
1989,33,367004,378197,745201
1989,34,378785,393285,772070
1989,35,353831,368733,722564
1989,36,367021,383364,750385
1989,37,364720,378440,743160
1989,38,362303,381820,744123
1989,39,378533,403483,782016
1989,40,331739,353979,685718
1989,41,287001,308456,595457
1989,42,284709,309668,594377
1989,43,181163,202009,383172
1989,44,210991,237363,448354
1989,45,198678,222868,421546
1989,46,246684,281601,528285
1989,47,337941,381218,719159
1989,48,342251,390299,732550
1989,49,378488,440594,819082
1989,50,405192,475089,880281
1989,51,428888,490721,919609
1989,52,352047,405164,757211
1989,53,302219,341309,643528
1989,54,237263,266450,503713
1989,55,201486,236385,437871
1989,56,248080,307450,555530
1989,57,259637,316730,576367
1989,58,312694,398160,710854
1989,59,294377,380545,674922
1989,60,309841,415195,725036
1989,61,289783,392852,682635
1989,62,252197,396793,648990
1989,63,222412,379047,601459
1989,64,200714,374278,574992
1989,65,176425,337763,514188
1989,66,144950,307433,452383
1989,67,131395,265449,396844
1989,68,108535,226483,335018
1989,69,102297,219660,321957
1989,70,104614,231430,336044
1989,71,64816,145290,210106
1989,72,68603,163322,231925
1989,73,81736,193466,275202
1989,74,100189,260239,360428
1989,75,91415,222941,314356
1989,76,93374,252503,345877
1989,77,76578,190244,266822
1989,78,73652,208216,281868
1989,79,59937,156056,215993
1990,0,352522,335605,688127
1990,1,380267,362021,742288
1990,2,379354,362989,742343
1990,3,398030,382896,780926
1990,4,386286,374139,760425
1990,5,397974,382253,780227
1990,6,404597,391306,795903
1990,7,374984,361085,736069
1990,8,362209,350422,712631
1990,9,374491,360813,735304
1990,10,366802,353209,720011
1990,11,364897,353218,718115
1990,12,358238,348047,706285
1990,13,374567,363691,738258
1990,14,368090,359195,727285
1990,15,370365,359739,730104
1990,16,373279,356708,729987
1990,17,388531,372229,760760
1990,18,370674,353298,723972
1990,19,346604,342551,689155
1990,20,324792,319683,644475
1990,21,327289,328804,656093
1990,22,335241,326939,662180
1990,23,339661,335874,675535
1990,24,331750,331207,662957
1990,25,351303,351115,702418
1990,26,373741,377202,750943
1990,27,386329,391416,777745
1990,28,394856,399436,794292
1990,29,411831,415661,827492
1990,30,402297,411428,813725
1990,31,396902,405249,802151
1990,32,390979,399770,790749
1990,33,381487,394305,775792
1990,34,364733,377968,742701
1990,35,376286,391994,768280
1990,36,349901,366551,716452
1990,37,368623,386077,754700
1990,38,363619,379263,742882
1990,39,361510,382355,743865
1990,40,380440,406468,786908
1990,41,320468,344694,665162
1990,42,287632,311224,598856
1990,43,274546,302055,576601
1990,44,179601,201856,381457
1990,45,214931,241642,456573
1990,46,194441,219606,414047
1990,47,254314,289885,544199
1990,48,329383,375044,704427
1990,49,342436,392971,735407
1990,50,375421,441018,816439
1990,51,400020,472350,872370
1990,52,424131,488750,912881
1990,53,344653,400038,744691
1990,54,297453,338658,636111
1990,55,227760,259023,486783
1990,56,197711,234948,432659
1990,57,246548,308934,555482
1990,58,261294,322269,583563
1990,59,296344,381177,677521
1990,60,292886,383248,676134
1990,61,301355,410137,711492
1990,62,281255,386798,668053
1990,63,243509,390404,633913
1990,64,214022,372572,586594
1990,65,194055,369345,563400
1990,66,166625,326580,493205
1990,67,138869,301648,440517
1990,68,125330,258182,383512
1990,69,103161,219641,322802
1990,70,100962,227952,328914
1990,71,89877,192789,282666
1990,72,64494,153160,217654
1990,73,64610,157870,222480
1990,74,76812,186416,263228
1990,75,93266,249580,342846
1990,76,84161,209710,293871
1990,77,85727,238935,324662
1990,78,69153,187615,256768
1990,79,67044,170551,237595
1991,0,333778,317211,650989
1991,1,352870,336108,688978
1991,2,380815,362501,743316
1991,3,380973,364403,745376
1991,4,399856,384603,784459
1991,5,388243,375319,763562
1991,6,399552,383697,783249
1991,7,406417,392458,798875
1991,8,376274,361647,737921
1991,9,363290,351469,714759
1991,10,375371,361698,737069
1991,11,366655,353101,719756
1991,12,364744,353271,718015
1991,13,357746,347474,705220
1991,14,374246,363743,737989
1991,15,370713,361873,732586
1991,16,370474,360509,730983
1991,17,373295,359332,732627
1991,18,380980,370949,751929
1991,19,365630,353121,718751
1991,20,347904,344178,692082
1991,21,327608,320938,648546
1991,22,328031,329505,657536
1991,23,334884,327443,662327
1991,24,338821,336697,675518
1991,25,331477,332455,663932
1991,26,350885,351914,702799
1991,27,372955,377976,750931
1991,28,385121,391793,776914
1991,29,394029,400022,794051
1991,30,411047,416588,827635
1991,31,400217,411682,811899
1991,32,395306,405736,801042
1991,33,388920,399299,788219
1991,34,380121,394509,774630
1991,35,362767,377784,740551
1991,36,374288,391859,766147
1991,37,347532,366061,713593
1991,38,366680,385506,752186
1991,39,361933,379271,741204
1991,40,359788,382165,741953
1991,41,378105,405966,784071
1991,42,318195,344012,662207
1991,43,285548,310646,596194
1991,44,272612,301801,574413
1991,45,178667,201725,380392
1991,46,213481,241270,454751
1991,47,192795,219183,411978
1991,48,251903,289080,540983
1991,49,326270,374326,700596
1991,50,338858,392104,730962
1991,51,370975,439450,810425
1991,52,394807,470134,864941
1991,53,418136,486483,904619
1991,54,339568,397967,737535
1991,55,292512,336935,629447
1991,56,223704,257476,481180
1991,57,193666,232738,426404
1991,58,241037,305978,547015
1991,59,255486,318779,574265
1991,60,289975,378497,668472
1991,61,284799,378214,663013
1991,62,292726,404468,697194
1991,63,272791,381250,654041
1991,64,235181,384081,619262
1991,65,206176,366123,572299
1991,66,186403,361951,548354
1991,67,159570,319453,479023
1991,68,132673,294555,427228
1991,69,119385,251871,371256
1991,70,97838,213251,311089
1991,71,95210,219843,315053
1991,72,84645,187088,271733
1991,73,60080,146227,206307
1991,74,60053,150659,210712
1991,75,71019,177005,248024
1991,76,85579,236197,321776
1991,77,76807,197261,274068
1991,78,77666,223593,301259
1991,79,62137,173689,235826
1992,0,323446,306206,629652
1992,1,334189,317853,652042
1992,2,353785,336926,690711
1992,3,381403,363292,744695
1992,4,382792,365966,748758
1992,5,401783,386492,788275
1992,6,390194,376972,767166
1992,7,401494,385380,786874
1992,8,408323,393959,802282
1992,9,377838,362668,740506
1992,10,364622,352761,717383
1992,11,376444,362966,739410
1992,12,366726,353449,720175
1992,13,364807,353629,718436
1992,14,357491,347551,705042
1992,15,374181,365206,739387
1992,16,369112,361197,730309
1992,17,367363,359998,727361
1992,18,368554,357441,725995
1992,19,377177,370050,747227
1992,20,366423,353665,720088
1992,21,349032,345047,694079
1992,22,327609,321929,649538
1992,23,328258,330376,658634
1992,24,334025,328389,662414
1992,25,339005,337935,676940
1992,26,332130,334073,666203
1992,27,351417,353376,704793
1992,28,373653,379356,753009
1992,29,385500,393096,778596
1992,30,394986,402092,797078
1992,31,411657,418652,830309
1992,32,400183,412778,812961
1992,33,395446,407149,802595
1992,34,388456,400239,788695
1992,35,380023,395893,775916
1992,36,362359,378668,741027
1992,37,373866,392693,766559
1992,38,346571,366357,712928
1992,39,365599,385950,751549
1992,40,361097,380153,741250
1992,41,358791,382769,741560
1992,42,376598,406294,782892
1992,43,316296,343736,660032
1992,44,283821,310586,594407
1992,45,270898,301790,572688
1992,46,177521,201717,379238
1992,47,211414,240828,452242
1992,48,190735,218674,409409
1992,49,249195,288270,537465
1992,50,322887,374041,696928
1992,51,335262,391603,726865
1992,52,366494,438301,804795
1992,53,389437,468282,857719
1992,54,411817,484357,896174
1992,55,333977,396204,730181
1992,56,287236,335125,622361
1992,57,219356,255931,475287
1992,58,189212,230564,419776
1992,59,235274,303124,538398
1992,60,249199,315467,564666
1992,61,283333,375918,659251
1992,62,276023,373128,649151
1992,63,283544,398838,682382
1992,64,263811,375550,639361
1992,65,226511,377590,604101
1992,66,197956,359213,557169
1992,67,178090,353847,531937
1992,68,151766,311860,463626
1992,69,126084,286628,412712
1992,70,112974,244720,357694
1992,71,92072,206069,298141
1992,72,89214,211005,300219
1992,73,79054,180936,259990
1992,74,55534,138758,194292
1992,75,55279,143086,198365
1992,76,64846,167408,232254
1992,77,77748,222325,300073
1992,78,69284,184061,253345
1992,79,69543,207501,277044
1993,0,304090,289309,593399
1993,1,324756,307991,632747
1993,2,337063,320814,657877
1993,3,356329,339812,696141
1993,4,383551,365980,749531
1993,5,386321,369634,755955
1993,6,405467,390279,795746
1993,7,393759,380530,774289
1993,8,404708,389006,793714
1993,9,411584,397189,808773
1993,10,380618,365332,745950
1993,11,367179,355482,722661
1993,12,378614,365521,744135
1993,13,367904,355224,723128
1993,14,365882,355517,721399
1993,15,358845,350736,709581
1993,16,374833,367608,742441
1993,17,367295,366294,733589
1993,18,365774,362271,728045
1993,19,366005,356784,722789
1993,20,378656,369548,748204
1993,21,369513,354731,724244
1993,22,351533,344673,696206
1993,23,329051,322407,651458
1993,24,330246,331868,662114
1993,25,335118,330453,665571
1993,26,340457,340440,680897
1993,27,334105,336926,671031
1993,28,352901,356339,709240
1993,29,375046,382508,757554
1993,30,387204,396821,784025
1993,31,396771,405776,802547
1993,32,413373,422398,835771
1993,33,401164,415598,816762
1993,34,396591,410205,806796
1993,35,388837,402646,791483
1993,36,380642,398637,779279
1993,37,362400,380663,743063
1993,38,373992,394754,768746
1993,39,346088,367953,714041
1993,40,364696,387656,752352
1993,41,360671,382215,742886
1993,42,358210,384295,742505
1993,43,375227,407537,782764
1993,44,314898,344436,659334
1993,45,282510,311054,593564
1993,46,269846,302404,572250
1993,47,176357,202032,378389
1993,48,209575,240586,450161
1993,49,188784,218277,407061
1993,50,246537,287906,534443
1993,51,319573,374031,693604
1993,52,331475,391443,722918
1993,53,361419,437339,798758
1993,54,383329,466550,849879
1993,55,405061,482534,887595
1993,56,328283,394410,722693
1993,57,281700,333335,615035
1993,58,214753,254111,468864
1993,59,184723,228070,412793
1993,60,229156,299757,528913
1993,61,242428,311696,554124
1993,62,275883,372345,648228
1993,63,266672,367469,634141
1993,64,273448,392463,665911
1993,65,253711,368766,622477
1993,66,217365,370156,587521
1993,67,188832,351539,540371
1993,68,169545,344906,514451
1993,69,143809,303075,446884
1993,70,119165,277678,396843
1993,71,106334,236840,343174
1993,72,86341,198123,284464
1993,73,82953,201636,284589
1993,74,73529,173909,247438
1993,75,51188,131008,182196
1993,76,50586,134712,185298
1993,77,58893,156912,215805
1993,78,70005,206922,276927
1993,79,61787,170097,231884
1994,0,285432,271320,556752
1994,1,303171,288476,591647
1994,2,324720,308220,632940
1994,3,337636,321312,658948
1994,4,356740,340226,696966
1994,5,383504,365947,749451
1994,6,387518,370667,758185
1994,7,407022,391539,798561
1994,8,395274,381709,776983
1994,9,406042,390219,796261
1994,10,413040,398116,811156
1994,11,381542,365915,747457
1994,12,368044,356304,724348
1994,13,379275,366153,745428
1994,14,367537,355060,722597
1994,15,365995,356128,722123
1994,16,358077,350530,708607
1994,17,372915,365725,738640
1994,18,365643,364649,730292
1994,19,363223,359763,722986
1994,20,364647,354307,718954
1994,21,376790,366861,743651
1994,22,365740,352686,718426
1994,23,349496,343939,693435
1994,24,326750,322201,648951
1994,25,328226,331402,659628
1994,26,332717,330192,662909
1994,27,338847,340503,679350
1994,28,333120,337397,670517
1994,29,351654,356848,708502
1994,30,374038,382963,757001
1994,31,385887,397323,783210
1994,32,395856,406593,802449
1994,33,412473,423441,835914
1994,34,399429,415760,815189
1994,35,395269,410803,806072
1994,36,386591,402624,789215
1994,37,379013,399060,778073
1994,38,360446,380590,741036
1994,39,371649,394690,766339
1994,40,343347,367480,710827
1994,41,361623,387091,748714
1994,42,357961,382236,740197
1994,43,355318,384000,739318
1994,44,371822,406697,778519
1994,45,311344,343329,654673
1994,46,279184,310159,589343
1994,47,266421,301662,568083
1994,48,173973,201549,375522
1994,49,206497,239632,446129
1994,50,185685,217315,403000
1994,51,242379,286557,528936
1994,52,314173,372712,686885
1994,53,325828,389889,715717
1994,54,354404,435027,789431
1994,55,375446,463545,838991
1994,56,396494,479300,875794
1994,57,320752,391222,711974
1994,58,274551,330451,605002
1994,59,208923,251561,460484
1994,60,179135,225036,404171
1994,61,222058,295789,517847
1994,62,234379,307126,541505
1994,63,267080,368097,635177
1994,64,255929,360725,616654
1994,65,261679,384930,646609
1994,66,242007,361153,603160
1994,67,206723,361355,568078
1994,68,179104,342626,521730
1994,69,160018,334709,494727
1994,70,135180,293419,428599
1994,71,111461,267749,379210
1994,72,99135,227900,327035
1994,73,80116,189488,269604
1994,74,76297,191200,267497
1994,75,67256,165732,232988
1994,76,46401,122656,169057
1994,77,45627,125665,171292
1994,78,52558,145292,197850
1994,79,61874,190419,252293
1995,0,264999,250881,515880
1995,1,282728,269050,551778
1995,2,301325,286640,587965
1995,3,322937,306621,629558
1995,4,336324,320094,656418
1995,5,355133,338489,693622
1995,6,381270,363951,745221
1995,7,386555,369783,756338
1995,8,406583,390814,797397
1995,9,394892,381012,775904
1995,10,405590,389577,795167
1995,11,412724,397363,810087
1995,12,380977,364926,745903
1995,13,367630,355837,723467
1995,14,378468,365485,743953
1995,15,365790,353928,719718
1995,16,364008,354636,718644
1995,17,353787,347275,701062
1995,18,370531,363613,734144
1995,19,363353,361573,724926
1995,20,361515,356396,717911
1995,21,361085,350406,711491
1995,22,371466,361746,733212
1995,23,361073,349189,710262
1995,24,346558,341636,688194
1995,25,323306,320005,643311
1995,26,325299,329028,654327
1995,27,328780,327839,656619
1995,28,335324,338452,673776
1995,29,330000,335578,665578
1995,30,348135,354842,702977
1995,31,370585,381030,751615
1995,32,381967,395382,777349
1995,33,392688,405244,797932
1995,34,409141,422063,831204
1995,35,395438,413698,809136
1995,36,391605,409367,800972
1995,37,382141,400655,782796
1995,38,375108,397657,772765
1995,39,356211,378760,734971
1995,40,366985,392701,759686
1995,41,338793,365359,704152
1995,42,356515,384802,741317
1995,43,353204,380596,733800
1995,44,350558,382193,732751
1995,45,366059,404425,770484
1995,46,306386,341017,647403
1995,47,274290,307905,582195
1995,48,261590,299820,561410
1995,49,170755,200335,371090
1995,50,202355,237874,440229
1995,51,182015,215933,397948
1995,52,237245,284336,521581
1995,53,307444,370264,677708
1995,54,318699,387022,705721
1995,55,345932,431039,776971
1995,56,366257,458768,825025
1995,57,385897,474187,860084
1995,58,311679,386677,698356
1995,59,266392,326221,592613
1995,60,201835,248014,449849
1995,61,172572,221408,393980
1995,62,213872,290765,504637
1995,63,225427,301594,527021
1995,64,257201,362546,619747
1995,65,244176,352670,596846
1995,66,249257,375850,625107
1995,67,229704,352061,581765
1995,68,195001,351172,546173
1995,69,168800,332133,500933
1995,70,149839,322754,472593
1995,71,126176,282282,408458
1995,72,103450,256215,359665
1995,73,91806,217843,309649
1995,74,73765,179803,253568
1995,75,69499,179504,249003
1995,76,61195,156439,217634
1995,77,41808,113371,155179
1995,78,40625,115971,156596
1995,79,46474,132742,179216
1996,0,250479,236676,487155
1996,1,263180,249512,512692
1996,2,281100,267414,548514
1996,3,299949,285344,585293
1996,4,321683,305396,627079
1996,5,335594,319309,654903
1996,6,353807,337163,690970
1996,7,379412,362256,741668
1996,8,385840,368925,754765
1996,9,406427,390389,796816
1996,10,394652,380500,775152
1996,11,405397,389242,794639
1996,12,412510,396778,809288
1996,13,380570,364009,744579
1996,14,367145,355330,722475
1996,15,377661,364968,742629
1996,16,363860,352346,716206
1996,17,360430,351477,711907
1996,18,352000,345168,697168
1996,19,368454,361534,729988
1996,20,362455,359317,721772
1996,21,359047,353446,712493
1996,22,356200,346177,702377
1996,23,366709,358266,724975
1996,24,357901,347047,704948
1996,25,344876,340401,685277
1996,26,320834,318542,639376
1996,27,323321,327110,650431
1996,28,325520,326103,651623
1996,29,332680,336787,669467
1996,30,327518,334323,661841
1996,31,345120,353296,698416
1996,32,367531,379417,746948
1996,33,378667,393604,772271
1996,34,389681,404158,793839
1996,35,405822,420780,826602
1996,36,391428,411739,803167
1996,37,387957,407895,795852
1996,38,377833,398588,776421
1996,39,371267,396033,767300
1996,40,351739,376835,728574
1996,41,362150,390820,752970
1996,42,333872,363236,697108
1996,43,351230,382520,733750
1996,44,348165,378898,727063
1996,45,345154,380194,725348
1996,46,360270,401970,762240
1996,47,301201,338513,639714
1996,48,269204,305508,574712
1996,49,256544,297798,554342
1996,50,166947,198840,365787
1996,51,197974,236160,434134
1996,52,177897,214184,392081
1996,53,231583,281956,513539
1996,54,300051,367402,667453
1996,55,310641,383745,694386
1996,56,336827,426999,763826
1996,57,355797,453658,809455
1996,58,374633,468527,843160
1996,59,302140,381818,683958
1996,60,257036,321703,578739
1996,61,194562,244322,438884
1996,62,165776,217421,383197
1996,63,205052,285364,490416
1996,64,215510,295504,511014
1996,65,246428,356327,602755
1996,66,231857,344131,575988
1996,67,236227,366263,602490
1996,68,216780,342638,559418
1996,69,183382,340425,523807
1996,70,158068,320928,478996
1996,71,139584,310284,449868
1996,72,116814,270418,387232
1996,73,95456,244294,339750
1996,74,84494,207160,291654
1996,75,67286,169757,237043
1996,76,62828,167799,230627
1996,77,55120,146920,202040
1996,78,37072,103992,141064
1996,79,35788,105970,141758
1997,0,238069,223722,461791
1997,1,249187,235812,484999
1997,2,261996,248321,510317
1997,3,279237,265608,544845
1997,4,298517,283960,582477
1997,5,320106,304016,624122
1997,6,334347,318052,652399
1997,7,352098,335640,687738
1997,8,377330,360063,737393
1997,9,384894,367810,752704
1997,10,405921,389593,795514
1997,11,394136,379739,773875
1997,12,404820,388483,793303
1997,13,412112,396023,808135
1997,14,379873,362874,742747
1997,15,366407,354636,721043
1997,16,376428,363989,740417
1997,17,360852,349730,710582
1997,18,359320,349844,709164
1997,19,349945,342511,692456
1997,20,367624,359133,726757
1997,21,360415,356512,716927
1997,22,354868,349225,704093
1997,23,351351,342443,693794
1997,24,361829,354659,716488
1997,25,353853,344898,698751
1997,26,342434,338975,681409
1997,27,317662,316833,634495
1997,28,320799,325092,645891
1997,29,321728,323808,645536
1997,30,329313,334698,664011
1997,31,324398,332722,657120
1997,32,341593,351500,693093
1997,33,363853,377541,741394
1997,34,374596,391244,765840
1997,35,386046,402586,788632
1997,36,401932,419094,821026
1997,37,387130,409420,796550
1997,38,383647,406001,789648
1997,39,372784,396131,768915
1997,40,366600,394175,760775
1997,41,346904,374585,721489
1997,42,357193,388550,745743
1997,43,328697,360718,689415
1997,44,345604,379875,725479
1997,45,342597,376774,719371
1997,46,339726,377827,717553
1997,47,354059,399210,753269
1997,48,295479,335628,631107
1997,49,263790,302902,566692
1997,50,250661,295428,546089
1997,51,163297,197352,360649
1997,52,193327,234231,427558
1997,53,173589,212407,385996
1997,54,225687,279273,504960
1997,55,292462,364181,656643
1997,56,302482,380204,682686
1997,57,327290,422376,749666
1997,58,344936,447954,792890
1997,59,362915,462538,825453
1997,60,291737,376430,668167
1997,61,247569,316832,564401
1997,62,186949,240264,427213
1997,63,158681,213238,371919
1997,64,196121,279548,475669
1997,65,205564,289106,494670
1997,66,235986,349838,585824
1997,67,219788,335044,554832
1997,68,222757,355970,578727
1997,69,203737,332495,536232
1997,70,171692,328968,500660
1997,71,147558,309368,456926
1997,72,129220,297473,426693
1997,73,107733,257993,365726
1997,74,87658,231812,319470
1997,75,77429,196021,273450
1997,76,60936,159563,220499
1997,77,56339,155687,212026
1997,78,49405,137121,186526
1997,79,32638,94792,127430
1998,0,224714,212900,437614
1998,1,237505,223809,461314
1998,2,248608,235542,484150
1998,3,261033,247378,508411
1998,4,277710,264187,541897
1998,5,297276,282789,580065
1998,6,318874,302854,621728
1998,7,333454,317267,650721
1998,8,350896,334342,685238
1998,9,375563,358398,733961
1998,10,384339,367028,751367
1998,11,405720,389181,794901
1998,12,393892,379267,773159
1998,13,404495,388020,792515
1998,14,412075,395419,807494
1998,15,379424,362006,741430
1998,16,365695,354030,719725
1998,17,374872,362434,737306
1998,18,359830,348084,707914
1998,19,357636,347888,705524
1998,20,347654,340368,688022
1998,21,365435,357341,722776
1998,22,356995,353538,710533
1998,23,351538,346533,698071
1998,24,347120,339451,686571
1998,25,357026,351849,708875
1998,26,350310,343290,693600
1998,27,340681,338236,678917
1998,28,315324,315687,631011
1998,29,319027,323503,642530
1998,30,318895,322320,641215
1998,31,326797,333326,660123
1998,32,322040,331625,653665
1998,33,338725,349880,688605
1998,34,360666,376074,736740
1998,35,371196,389436,760632
1998,36,382934,401463,784397
1998,37,398671,417894,816565
1998,38,383125,407409,790534
1998,39,379873,404516,784389
1998,40,368155,393962,762117
1998,41,362727,392678,755405
1998,42,342436,372671,715107
1998,43,352562,386635,739197
1998,44,323903,358395,682298
1998,45,340126,377447,717573
1998,46,337762,374990,712752
1998,47,334591,375670,710261
1998,48,348260,396513,744773
1998,49,290000,333056,623056
1998,50,258468,300566,559034
1998,51,245677,293406,539083
1998,52,159977,196022,355999
1998,53,188792,232334,421126
1998,54,169379,210620,379999
1998,55,219931,276590,496521
1998,56,285307,361168,646475
1998,57,294716,376742,671458
1998,58,318180,417855,736035
1998,59,334641,442494,777135
1998,60,350429,456529,806958
1998,61,281735,371202,652937
1998,62,238582,312157,550739
1998,63,179523,236264,415787
1998,64,151914,208937,360851
1998,65,187402,273776,461178
1998,66,196051,282808,478859
1998,67,225384,343153,568537
1998,68,207739,326060,533799
1998,69,209963,345612,555575
1998,70,191285,321959,513244
1998,71,160457,317361,477818
1998,72,137343,297272,434615
1998,73,119446,284518,403964
1998,74,99180,245616,344796
1998,75,80041,219007,299048
1998,76,70647,184662,255309
1998,77,55016,148957,203973
1998,78,50269,143335,193604
1998,79,44103,127499,171602
1999,0,212834,202058,414892
1999,1,223148,211842,434990
1999,2,237507,224340,461847
1999,3,248102,235317,483419
1999,4,259867,246405,506272
1999,5,276106,262716,538822
1999,6,296011,281616,577627
1999,7,317589,301600,619189
1999,8,332602,316225,648827
1999,9,349501,333073,682574
1999,10,373659,356465,730124
1999,11,383733,366169,749902
1999,12,405404,388543,793947
1999,13,393580,378606,772186
1999,14,403923,387478,791401
1999,15,411777,394803,806580
1999,16,378743,360996,739739
1999,17,364473,352884,717357
1999,18,374121,361654,735775
1999,19,358012,345813,703825
1999,20,355568,346004,701572
1999,21,344823,338107,682930
1999,22,362256,354337,716593
1999,23,354568,350990,705558
1999,24,348177,343895,692072
1999,25,342678,336573,679251
1999,26,352235,349013,701248
1999,27,346487,341544,688031
1999,28,338445,337153,675598
1999,29,313048,314443,627491
1999,30,317107,322053,639160
1999,31,316070,320620,636690
1999,32,324045,331880,655925
1999,33,319649,330296,649945
1999,34,335727,348274,684001
1999,35,357536,374428,731964
1999,36,367851,387421,755272
1999,37,379908,400159,780067
1999,38,395349,416575,811924
1999,39,379223,405286,784509
1999,40,375928,402861,778789
1999,41,363724,391809,755533
1999,42,358762,391143,749905
1999,43,338184,370747,708931
1999,44,347959,384606,732565
1999,45,319078,356074,675152
1999,46,334979,374999,709978
1999,47,332969,373129,706098
1999,48,329680,373348,703028
1999,49,342531,393790,736321
1999,50,284581,330338,614919
1999,51,253488,298100,551588
1999,52,241017,291345,532362
1999,53,156649,194717,351366
1999,54,184478,230435,414913
1999,55,165203,208778,373981
1999,56,214543,273819,488362
1999,57,278362,358107,636469
1999,58,287565,373149,660714
1999,59,309356,413160,722516
1999,60,324024,436930,760954
1999,61,338957,450637,789594
1999,62,272090,365836,637926
1999,63,230017,307352,537369
1999,64,172573,232261,404834
1999,65,145358,204498,349856
1999,66,178988,267843,446831
1999,67,186787,276153,462940
1999,68,215301,336036,551337
1999,69,196142,316421,512563
1999,70,197585,334806,532391
1999,71,179130,310978,490108
1999,72,149721,305355,455076
1999,73,127702,284984,412686
1999,74,110216,270795,381011
1999,75,91076,232523,323599
1999,76,72856,206210,279066
1999,77,63951,173258,237209
1999,78,49490,138542,188032
1999,79,44601,131060,175661
2000,0,198354,186626,384980
2000,1,211574,201520,413094
2000,2,222025,210955,432980
2000,3,237571,224936,462507
2000,4,247730,235171,482901
2000,5,258911,245649,504560
2000,6,274767,261421,536188
2000,7,295126,280635,575761
2000,8,316689,300710,617399
2000,9,332133,315643,647776
2000,10,348546,332038,680584
2000,11,372185,355096,727281
2000,12,383486,365679,749165
2000,13,405515,388381,793896
2000,14,393611,378294,771905
2000,15,403743,387170,790913
2000,16,411699,394344,806043
2000,17,378173,359877,738050
2000,18,364007,352268,716275
2000,19,373278,360957,734235
2000,20,356040,344301,700341
2000,21,353246,344551,697797
2000,22,342278,336205,678483
2000,23,359744,352897,712641
2000,24,351949,349131,701080
2000,25,344642,341768,686410
2000,26,337944,334177,672121
2000,27,347419,346611,694030
2000,28,342767,340297,683064
2000,29,336524,336734,673258
2000,30,310539,313684,624223
2000,31,315051,320986,636037
2000,32,313033,319463,632496
2000,33,321395,330804,652199
2000,34,317269,329579,646848
2000,35,332848,347162,680010
2000,36,354366,373351,727717
2000,37,364536,385932,750468
2000,38,376970,399262,776232
2000,39,392200,415637,807837
2000,40,375160,403527,778687
2000,41,372181,401504,773685
2000,42,359431,389912,749343
2000,43,354779,389834,744613
2000,44,333954,369013,702967
2000,45,343351,382852,726203
2000,46,314360,353876,668236
2000,47,329705,372773,702478
2000,48,328141,371416,699557
2000,49,324565,371216,695781
2000,50,336486,391172,727658
2000,51,279460,327918,607378
2000,52,248474,295800,544274
2000,53,236132,289317,525449
2000,54,153343,193346,346689
2000,55,179927,228545,408472
2000,56,161042,206984,368026
2000,57,208991,271191,480182
2000,58,271361,355048,626409
2000,59,279809,369619,649428
2000,60,299927,408422,708349
2000,61,313367,431414,744781
2000,62,327025,444500,771525
2000,63,262164,360518,622682
2000,64,221053,302361,523414
2000,65,165209,227940,393149
2000,66,138717,199954,338671
2000,67,170418,261512,431930
2000,68,177319,269136,446455
2000,69,204863,328520,533383
2000,70,184143,306400,490543
2000,71,184966,323666,508632
2000,72,167102,299588,466690
2000,73,138864,292525,431389
2000,74,117890,272000,389890
2000,75,100913,256547,357460
2000,76,82848,219074,301922
2000,77,65831,192741,258572
2000,78,57521,161462,218983
2000,79,44127,127666,171793
2001,0,197071,184168,381239
2001,1,198423,187455,385878
2001,2,210837,201364,412201
2001,3,220976,210133,431109
2001,4,237644,225509,463153
2001,5,247322,235011,482333
2001,6,257989,244858,502847
2001,7,273400,260128,533528
2001,8,294140,279692,573832
2001,9,315702,299816,615518
2001,10,331620,315015,646635
2001,11,347534,331073,678607
2001,12,370686,353625,724311
2001,13,383189,365171,748360
2001,14,405625,388117,793742
2001,15,393572,377931,771503
2001,16,403599,386913,790512
2001,17,411527,393848,805375
2001,18,377783,358985,736768
2001,19,363604,351763,715367
2001,20,372275,360318,732593
2001,21,353983,342837,696820
2001,22,350922,343085,694007
2001,23,339633,334373,674006
2001,24,357097,351461,708558
2001,25,349116,347411,696527
2001,26,340949,339768,680717
2001,27,333119,331726,664845
2001,28,342493,344152,686645
2001,29,338820,339088,677908
2001,30,334340,336347,670687
2001,31,308037,312903,620940
2001,32,313017,319893,632910
2001,33,309841,318208,628049
2001,34,318609,329704,648313
2001,35,314659,328759,643418
2001,36,329808,345991,675799
2001,37,351159,372165,723324
2001,38,360838,384308,745146
2001,39,373653,398258,771911
2001,40,388346,414590,802936
2001,41,370789,401728,772517
2001,42,367998,400126,768124
2001,43,354633,387964,742597
2001,44,350264,388428,738692
2001,45,328924,367222,696146
2001,46,338163,380942,719105
2001,47,309088,351666,660754
2001,48,323928,370323,694251
2001,49,322727,369489,692216
2001,50,318674,368925,687599
2001,51,330028,388504,718532
2001,52,273695,325215,598910
2001,53,243015,293386,536401
2001,54,230846,287126,517972
2001,55,149568,191840,341408
2001,56,175218,226408,401626
2001,57,156600,204960,361560
2001,58,202994,268305,471299
2001,59,263900,351677,615577
2001,60,271291,365664,636955
2001,61,289832,403356,693188
2001,62,301980,425261,727241
2001,63,314016,437767,751783
2001,64,251695,354592,606287
2001,65,211410,296635,508045
2001,66,157614,223204,380818
2001,67,131880,194985,326865
2001,68,161420,254829,416249
2001,69,167649,261683,429332
2001,70,194230,320309,514539
2001,71,171907,295514,467421
2001,72,171953,311338,483291
2001,73,154197,287521,441718
2001,74,128061,278847,406908
2001,75,108036,257998,366034
2001,76,91396,241536,332932
2001,77,74535,204858,279393
2001,78,58897,178560,237457
2001,79,51234,149110,200344
2002,0,183728,174438,358166
2002,1,197079,185763,382842
2002,2,198994,188746,387740
2002,3,211056,201994,413050
2002,4,221367,211030,432397
2002,5,238066,226191,464257
2002,6,247834,235838,483672
2002,7,257962,244903,502865
2002,8,273724,260868,534592
2002,9,294357,279364,573721
2002,10,316649,300977,617626
2002,11,332028,315536,647564
2002,12,346771,330212,676983
2002,13,370864,354080,724944
2002,14,384227,365217,749444
2002,15,405506,388372,793878
2002,16,393151,377438,770589
2002,17,404761,387885,792646
2002,18,411127,392748,803875
2002,19,374993,355587,730580
2002,20,362328,350984,713312
2002,21,369762,358296,728058
2002,22,351105,340829,691934
2002,23,347774,340772,688546
2002,24,336016,331722,667738
2002,25,354896,350699,705595
2002,26,344156,343271,687427
2002,27,337491,337833,675324
2002,28,327280,328745,656025
2002,29,336693,340946,677639
2002,30,334121,337069,671190
2002,31,330255,333923,664178
2002,32,305473,312433,617906
2002,33,310068,318016,628084
2002,34,306126,316619,622745
2002,35,315246,328313,643559
2002,36,311276,327117,638393
2002,37,327768,346457,674225
2002,38,349143,372024,721167
2002,39,356964,382771,739735
2002,40,369648,396724,766372
2002,41,385094,414439,799533
2002,42,366007,399853,765860
2002,43,363359,398058,761417
2002,44,349330,385819,735149
2002,45,344061,385203,729264
2002,46,324947,366721,691668
2002,47,331211,376647,707858
2002,48,303567,348994,652561
2002,49,319408,369660,689068
2002,50,316129,366260,682389
2002,51,312472,366461,678933
2002,52,323229,386388,709617
2002,53,261932,313385,575317
2002,54,240788,295544,536332
2002,55,221485,279364,500849
2002,56,146084,190689,336773
2002,57,171337,225037,396374
2002,58,153392,204736,358128
2002,59,200554,270033,470587
2002,60,258826,350920,609746
2002,61,264158,365121,629279
2002,62,282968,401709,684677
2002,63,291022,418211,709233
2002,64,301358,429757,731115
2002,65,240040,344728,584768
2002,66,200486,287974,488460
2002,67,147240,213973,361213
2002,68,126974,194033,321007
2002,69,153893,248830,402723
2002,70,161253,260677,421930
2002,71,183535,311727,495262
2002,72,160182,285186,445368
2002,73,159979,298412,458391
2002,74,141638,276475,418113
2002,75,116753,263130,379883
2002,76,98519,244605,343124
2002,77,82195,224247,306442
2002,78,66164,189235,255399
2002,79,52524,163548,216072
2003,0,199843,187485,387328
2003,1,191369,180303,371672
2003,2,196710,185668,382378
2003,3,198668,188445,387113
2003,4,209971,201078,411049
2003,5,219654,209152,428806
2003,6,237418,225813,463231
2003,7,246624,234581,481205
2003,8,256753,243886,500639
2003,9,271680,258693,530373
2003,10,292877,278477,571354
2003,11,314397,298595,612992
2003,12,330703,314131,644834
2003,13,346266,329752,676018
2003,14,368662,351823,720485
2003,15,382274,364106,746380
2003,16,405055,387397,792452
2003,17,393133,377188,770321
2003,18,402931,386329,789260
2003,19,411002,392925,803927
2003,20,376783,357685,734468
2003,21,362135,350708,712843
2003,22,370022,359067,729089
2003,23,350667,340520,691187
2003,24,347170,340727,687897
2003,25,335314,331647,666961
2003,26,352707,349165,701872
2003,27,344541,344768,689309
2003,28,335554,336870,672424
2003,29,326719,328557,655276
2003,30,335508,341016,676524
2003,31,333130,337100,670230
2003,32,330270,335038,665308
2003,33,303556,311489,615045
2003,34,308873,317835,626708
2003,35,304369,316108,620477
2003,36,313404,327661,641065
2003,37,309606,326993,636599
2003,38,323971,343820,667791
2003,39,344870,369825,714695
2003,40,353497,381391,734888
2003,41,366619,395963,762582
2003,42,380123,412071,792194
2003,43,362087,398323,760410
2003,44,359315,397133,756448
2003,45,344795,384235,729030
2003,46,340918,385168,726086
2003,47,318594,363531,682125
2003,48,327352,376976,704328
2003,49,298487,347402,645889
2003,50,311742,365487,677229
2003,51,310898,364832,675730
2003,52,306216,363888,670104
2003,53,316243,382611,698854
2003,54,261809,319721,581530
2003,55,231387,288099,519486
2003,56,219489,281850,501339
2003,57,141674,188214,329888
2003,58,165331,221583,386914
2003,59,147460,200308,347768
2003,60,189976,261677,451653
2003,61,246700,343151,589851
2003,62,252400,356240,608640
2003,63,268321,391365,659686
2003,64,278182,411225,689407
2003,65,288136,422361,710497
2003,66,230245,341267,571512
2003,67,191984,284033,476017
2003,68,142118,212811,354929
2003,69,117836,184309,302145
2003,70,143380,240252,383632
2003,71,147656,245348,393004
2003,72,171190,300347,471537
2003,73,147860,272509,420369
2003,74,147046,285219,432265
2003,75,130571,261208,391779
2003,76,107181,250343,357524
2003,77,89195,229108,318303
2003,78,74152,210796,284948
2003,79,59428,175824,235252
2004,0,208263,197084,405347
2004,1,199124,186965,386089
2004,2,190979,179999,370978
2004,3,196416,185434,381850
2004,4,198398,188220,386618
2004,5,209706,200882,410588
2004,6,219487,208905,428392
2004,7,237154,225572,462726
2004,8,246357,234412,480769
2004,9,256497,243634,500131
2004,10,271428,258466,529894
2004,11,292600,278266,570866
2004,12,314109,298295,612404
2004,13,330399,313882,644281
2004,14,345912,329456,675368
2004,15,368256,351498,719754
2004,16,381841,363789,745630
2004,17,404562,387068,791630
2004,18,392771,376976,769747
2004,19,402400,385886,788286
2004,20,410330,392490,802820
2004,21,375915,357234,733149
2004,22,361177,350130,711307
2004,23,368816,358352,727168
2004,24,349258,339803,689061
2004,25,345601,339938,685539
2004,26,333790,330936,664726
2004,27,350962,348360,699322
2004,28,342801,343982,686783
2004,29,333851,336003,669854
2004,30,324788,327864,652652
2004,31,333629,340227,673856
2004,32,331285,336367,667652
2004,33,328380,334306,662686
2004,34,301726,310714,612440
2004,35,306763,317028,623791
2004,36,302238,315267,617505
2004,37,311030,326776,637806
2004,38,307179,326123,633302
2004,39,321179,342868,664047
2004,40,341443,368636,710079
2004,41,350055,380227,730282
2004,42,362809,394693,757502
2004,43,375856,410632,786488
2004,44,357745,396841,754586
2004,45,354444,395422,749866
2004,46,339976,382533,722509
2004,47,335886,383480,719366
2004,48,313609,361572,675181
2004,49,321816,374926,696742
2004,50,292653,345168,637821
2004,51,305686,363020,668706
2004,52,304490,362341,666831
2004,53,299477,361069,660546
2004,54,309125,379585,688710
2004,55,255360,317018,572378
2004,56,225431,285329,510760
2004,57,213658,278933,492591
2004,58,137588,186112,323700
2004,59,160252,218937,379189
2004,60,142367,197881,340248
2004,61,183171,258055,441226
2004,62,237561,338412,575973
2004,63,242291,350689,592980
2004,64,256956,384751,641707
2004,65,265819,403429,669248
2004,66,274695,413535,688230
2004,67,219160,333646,552806
2004,68,181880,276796,458676
2004,69,134068,206733,340801
2004,70,110493,178571,289064
2004,71,134229,232299,366528
2004,72,137578,236598,374176
2004,73,158920,288470,447390
2004,74,135958,260090,396048
2004,75,134590,270842,405432
2004,76,118758,246746,365504
2004,77,97061,234761,331822
2004,78,80159,213403,293562
2004,79,65957,194286,260243
2005,0,217975,205946,423921
2005,1,207607,196618,404225
2005,2,198857,186759,385616
2005,3,190804,179860,370664
2005,4,196262,185319,381581
2005,5,198239,188080,386319
2005,6,209547,200738,410285
2005,7,219375,208777,428152
2005,8,236974,225469,462443
2005,9,246208,234310,480518
2005,10,256315,243510,499825
2005,11,271273,258333,529606
2005,12,292444,278185,570629
2005,13,313925,298185,612110
2005,14,330147,313761,643908
2005,15,345705,329292,674997
2005,16,367954,351294,719248
2005,17,381496,363635,745131
2005,18,404256,386930,791186
2005,19,392337,376696,769033
2005,20,401792,385586,787378
2005,21,409460,392087,801547
2005,22,375099,356759,731858
2005,23,360169,349597,709766
2005,24,367674,357844,725518
2005,25,347913,339184,687097
2005,26,344251,339290,683541
2005,27,332263,330255,662518
2005,28,349346,347712,697058
2005,29,341165,343351,684516
2005,30,332062,335314,667376
2005,31,323041,327312,650353
2005,32,331788,339533,671321
2005,33,329398,335752,665150
2005,34,326363,333634,659997
2005,35,299661,310030,609691
2005,36,304509,316245,620754
2005,37,299776,314416,614192
2005,38,308413,325926,634339
2005,39,304679,325274,629953
2005,40,317886,341862,659748
2005,41,337944,367546,705490
2005,42,346170,379005,725175
2005,43,358559,393345,751904
2005,44,371275,409171,780446
2005,45,352737,395211,747948
2005,46,349485,393710,743195
2005,47,334563,380692,715255
2005,48,330412,381668,712080
2005,49,308251,359613,667864
2005,50,315318,372637,687955
2005,51,286771,343030,629801
2005,52,299215,360546,659761
2005,53,297768,359669,657437
2005,54,292549,358264,650813
2005,55,301043,376274,677317
2005,56,248813,314123,562936
2005,57,219155,282509,501664
2005,58,207612,275987,483599
2005,59,133388,183998,317386
2005,60,154611,216084,370695
2005,61,137102,195373,332475
2005,62,176093,254425,430518
2005,63,228281,333273,561554
2005,64,232196,344745,576941
2005,65,245363,377850,623213
2005,66,253539,395363,648902
2005,67,261316,404580,665896
2005,68,207737,325692,533429
2005,69,171747,269299,441046
2005,70,125976,200596,326572
2005,71,103396,172621,276017
2005,72,125133,224009,349142
2005,73,127900,227460,355360
2005,74,147058,276373,423431
2005,75,124350,247399,371749
2005,76,122477,256208,378685
2005,77,107695,232157,339852
2005,78,87355,219293,306648
2005,79,71556,197753,269309
2006,0,217579,204985,422564
2006,1,217384,205498,422882
2006,2,207349,196448,403797
2006,3,198729,186648,385377
2006,4,190661,179803,370464
2006,5,196148,185232,381380
2006,6,198150,187979,386129
2006,7,209467,200656,410123
2006,8,219258,208712,427970
2006,9,236845,225431,462276
2006,10,246116,234228,480344
2006,11,256226,243402,499628
2006,12,271164,258293,529457
2006,13,292269,278099,570368
2006,14,313809,298114,611923
2006,15,329943,313663,643606
2006,16,345527,329183,674710
2006,17,367728,351243,718971
2006,18,381262,363533,744795
2006,19,403894,386773,790667
2006,20,391765,376527,768292
2006,21,401153,385337,786490
2006,22,408616,391697,800313
2006,23,374221,356320,730541
2006,24,359114,349191,708305
2006,25,366454,357336,723790
2006,26,346591,338613,685204
2006,27,342793,338784,681577
2006,28,330769,329753,660522
2006,29,347749,347144,694893
2006,30,339368,342719,682087
2006,31,330267,334687,664954
2006,32,321167,326739,647906
2006,33,329672,338819,668491
2006,34,327443,335139,662582
2006,35,324033,332870,656903
2006,36,297459,309386,606845
2006,37,302153,315475,617628
2006,38,297262,313585,610847
2006,39,305657,325094,630751
2006,40,301459,324332,625791
2006,41,314552,340914,655466
2006,42,334191,366383,700574
2006,43,342054,377686,719740
2006,44,354247,392010,746257
2006,45,366020,407570,773590
2006,46,347682,393572,741254
2006,47,344094,391948,736042
2006,48,329036,378938,707974
2006,49,324642,379768,704410
2006,50,301879,357388,659267
2006,51,308916,370353,679269
2006,52,280428,340847,621275
2006,53,292365,358020,650385
2006,54,290794,356897,647691
2006,55,284976,355307,640283
2006,56,292758,372621,665379
2006,57,242140,310852,552992
2006,58,212871,279493,492364
2006,59,201326,272747,474073
2006,60,128679,181682,310361
2006,61,148499,213074,361573
2006,62,131715,192476,324191
2006,63,168580,250445,419025
2006,64,218641,327803,546444
2006,65,221796,338630,560426
2006,66,233732,370506,604238
2006,67,240636,386906,627542
2006,68,247300,394850,642150
2006,69,196196,317065,513261
2006,70,161314,261213,422527
2006,71,117689,193958,311647
2006,72,96129,166327,262456
2006,73,115989,215034,331023
2006,74,118155,217560,335715
2006,75,134962,263387,398349
2006,76,112926,233931,346857
2006,77,110515,240646,351161
2006,78,96615,216815,313430
2006,79,77771,203101,280872
2007,0,234110,222616,456726
2007,1,217030,204542,421572
2007,2,217220,205370,422590
2007,3,207221,196376,403597
2007,4,198636,186589,385225
2007,5,190580,179729,370309
2007,6,196068,185166,381234
2007,7,198055,187915,385970
2007,8,209398,200626,410024
2007,9,219169,208669,427838
2007,10,236773,225390,462163
2007,11,246055,234191,480246
2007,12,256145,243322,499467
2007,13,271065,258226,529291
2007,14,292143,278044,570187
2007,15,313624,298007,611631
2007,16,329802,313591,643393
2007,17,345389,329214,674603
2007,18,367741,351291,719032
2007,19,381214,363550,744764
2007,20,403751,386684,790435
2007,21,391485,376437,767922
2007,22,400733,385126,785859
2007,23,408015,391441,799456
2007,24,373616,356062,729678
2007,25,358246,348870,707116
2007,26,365483,356968,722451
2007,27,345387,338270,683657
2007,28,341520,338252,679772
2007,29,329366,329289,658655
2007,30,346061,346595,692656
2007,31,337704,342130,679834
2007,32,328560,334133,662693
2007,33,319305,326169,645474
2007,34,327792,338180,665972
2007,35,325333,334424,659757
2007,36,321977,332149,654126
2007,37,295363,308700,604063
2007,38,299974,314721,614695
2007,39,294945,312845,607790
2007,40,302700,324206,626906
2007,41,298696,323491,622187
2007,42,311328,339945,651273
2007,43,330557,365201,695758
2007,44,338227,376472,714699
2007,45,349753,390571,740324
2007,46,361297,406083,767380
2007,47,342790,391833,734623
2007,48,338921,390283,729204
2007,49,323676,377214,700890
2007,50,318639,377867,696506
2007,51,296351,355388,651739
2007,52,302774,368123,670897
2007,53,274555,338724,613279
2007,54,285948,355575,641523
2007,55,283785,354108,637893
2007,56,277998,352197,630195
2007,57,285041,369121,654162
2007,58,235452,307891,543343
2007,59,206696,276530,483226
2007,60,194916,269535,464451
2007,61,124158,179491,303649
2007,62,142889,210081,352970
2007,63,126373,189492,315865
2007,64,161511,246257,407768
2007,65,209545,322285,531830
2007,66,211809,332168,543977
2007,67,222386,362831,585217
2007,68,227967,378046,606013
2007,69,233699,384894,618593
2007,70,184848,307741,492589
2007,71,151097,252742,403839
2007,72,109823,186987,296810
2007,73,89100,159842,248942
2007,74,106914,205671,312585
2007,75,108660,207164,315824
2007,76,123539,249873,373412
2007,77,102039,219781,321820
2007,78,99248,224997,324245
2007,79,86204,201054,287258
2008,0,240718,227641,468359
2008,1,233499,222135,455634
2008,2,216802,204352,421154
2008,3,217094,205280,422374
2008,4,207108,196317,403425
2008,5,198521,186528,385049
2008,6,190505,179651,370156
2008,7,195996,185146,381142
2008,8,197945,187852,385797
2008,9,209301,200550,409851
2008,10,219053,208594,427647
2008,11,236681,225359,462040
2008,12,245976,234117,480093
2008,13,256050,243268,499318
2008,14,270895,258157,529052
2008,15,291958,277914,569872
2008,16,313459,297925,611384
2008,17,329736,313604,643340
2008,18,345507,329277,674784
2008,19,367885,351268,719153
2008,20,380988,363454,744442
2008,21,403371,386493,789864
2008,22,390903,376227,767130
2008,23,400080,384838,784918
2008,24,407146,391037,798183
2008,25,372624,355672,728296
2008,26,357352,348506,705858
2008,27,364315,356487,720802
2008,28,343986,337794,681780
2008,29,340018,337708,677726
2008,30,327655,328740,656395
2008,31,344455,345935,690390
2008,32,335710,341417,677127
2008,33,326519,333520,660039
2008,34,317336,325521,642857
2008,35,325596,337412,663008
2008,36,323144,333726,656870
2008,37,319619,331439,651058
2008,38,293124,307906,601030
2008,39,297518,313867,611385
2008,40,291936,311804,603740
2008,41,299775,323255,623030
2008,42,295551,322493,618044
2008,43,307791,338810,646601
2008,44,326641,363933,690574
2008,45,333617,375043,708660
2008,46,345185,388976,734161
2008,47,356070,404396,760466
2008,48,337389,390025,727414
2008,49,333317,388350,721667
2008,50,317325,375178,692503
2008,51,312950,375731,688681
2008,52,290304,353271,643575
2008,53,296220,365634,661854
2008,54,268410,336376,604786
2008,55,278847,352868,631715
2008,56,276668,351064,627732
2008,57,270678,349062,619740
2008,58,276988,365390,642378
2008,59,228713,304709,533422
2008,60,199967,273349,473316
2008,61,187878,266310,454188
2008,62,119641,177100,296741
2008,63,137220,206975,344195
2008,64,121227,186413,307640
2008,65,154184,242026,396210
2008,66,200208,316504,516712
2008,67,201726,325441,527167
2008,68,210942,354691,565633
2008,69,215475,368695,584170
2008,70,220081,374279,594360
2008,71,173528,298133,471661
2008,72,141138,243880,385018
2008,73,101995,179778,281773
2008,74,82329,152942,235271
2008,75,98372,196131,294503
2008,76,99498,196463,295961
2008,77,112306,235830,348136
2008,78,91398,205309,296707
2008,79,88373,209026,297399
2009,0,261138,245204,506342
2009,1,240239,227251,467490
2009,2,233320,222023,455343
2009,3,216723,204291,421014
2009,4,217048,205238,422286
2009,5,207060,196298,403358
2009,6,198498,186482,384980
2009,7,190483,179616,370099
2009,8,195951,185102,381053
2009,9,197910,187829,385739
2009,10,209246,200512,409758
2009,11,219022,208561,427583
2009,12,236647,225326,461973
2009,13,245907,234075,479982
2009,14,255970,243218,499188
2009,15,270771,258063,528834
2009,16,291869,277922,569791
2009,17,313484,297980,611464
2009,18,329868,313700,643568
2009,19,345414,329343,674757
2009,20,367696,351174,718870
2009,21,380421,363306,743727
2009,22,402748,386261,789009
2009,23,390167,376002,766169
2009,24,399171,384548,783719
2009,25,406087,390658,796745
2009,26,371541,355315,726856
2009,27,356152,348083,704235
2009,28,362965,355992,718957
2009,29,342512,337282,679794
2009,30,338302,337118,675420
2009,31,325941,328136,654077
2009,32,342498,345266,687764
2009,33,333578,340636,674214
2009,34,324286,332859,657145
2009,35,315007,324760,639767
2009,36,323346,336640,659986
2009,37,320724,332936,653660
2009,38,317153,330585,647738
2009,39,290627,307045,597672
2009,40,294604,312946,607550
2009,41,289015,310894,599909
2009,42,296643,322177,618820
2009,43,292093,321400,613493
2009,44,304116,337616,641732
2009,45,322371,362581,684952
2009,46,329125,373547,702672
2009,47,340224,387342,727566
2009,48,350740,402611,753351
2009,49,332035,388134,720169
2009,50,327168,386283,713451
2009,51,311300,373106,684406
2009,52,306670,373482,680152
2009,53,284117,351171,635288
2009,54,289551,363198,652749
2009,55,261999,333894,595893
2009,56,271971,349936,621907
2009,57,269374,347896,617270
2009,58,263244,345825,609069
2009,59,268949,361528,630477
2009,60,221494,301340,522834
2009,61,193067,270040,463107
2009,62,181158,262922,444080
2009,63,115098,174553,289651
2009,64,131549,203760,335309
2009,65,115970,183235,299205
2009,66,147123,237608,384731
2009,67,191006,310484,501490
2009,68,191873,318547,510420
2009,69,199673,346068,545741
2009,70,203162,358742,561904
2009,71,206413,362929,569342
2009,72,162323,288143,450466
2009,73,131170,234640,365810
2009,74,94503,172021,266524
2009,75,75706,145828,221534
2009,76,90008,186308,276316
2009,77,90484,185271,275755
2009,78,101542,221483,323025
2009,79,81584,190449,272033
2010,0,262597,245947,508544
2010,1,260723,244938,505661
2010,2,240097,227149,467246
2010,3,233259,221974,455233
2010,4,216676,204230,420906
2010,5,217009,205209,422218
2010,6,207010,196298,403308
2010,7,198442,186465,384907
2010,8,190440,179582,370022
2010,9,195910,185094,381004
2010,10,197860,187794,385654
2010,11,209214,200479,409693
2010,12,218977,208490,427467
2010,13,236588,225284,461872
2010,14,245807,234018,479825
2010,15,255861,243168,499029
2010,16,270710,258045,528755
2010,17,291807,277975,569782
2010,18,313419,297996,611415
2010,19,329649,313673,643322
2010,20,345022,329277,674299
2010,21,367163,351038,718201
2010,22,379818,363145,742963
2010,23,402037,386098,788135
2010,24,389456,375761,765217
2010,25,398324,384282,782606
2010,26,405079,390373,795452
2010,27,370536,355010,725546
2010,28,355053,347710,702763
2010,29,361814,355547,717361
2010,30,341131,336756,677887
2010,31,336872,336573,673445
2010,32,324375,327550,651925
2010,33,340843,344686,685529
2010,34,331881,340039,671920
2010,35,322411,332233,654644
2010,36,313290,324095,637385
2010,37,321350,335965,657315
2010,38,318746,332217,650963
2010,39,315135,329898,645033
2010,40,288582,306336,594918
2010,41,292320,312085,604405
2010,42,286721,309991,596712
2010,43,294074,321304,615378
2010,44,289401,320454,609855
2010,45,300964,336463,637427
2010,46,319019,361302,680321
2010,47,325506,372183,697689
2010,48,336143,385909,722052
2010,49,346272,401020,747292
2010,50,327278,386313,713591
2010,51,322286,384399,706685
2010,52,306220,371174,677394
2010,53,301349,371348,672697
2010,54,278978,349145,628123
2010,55,283576,360845,644421
2010,56,256419,331385,587804
2010,57,265684,347184,612868
2010,58,262783,345012,607795
2010,59,256666,342610,599276
2010,60,261177,357751,618928
2010,61,214581,298035,512616
2010,62,186702,266854,453556
2010,63,174830,259514,434344
2010,64,111001,172130,283131
2010,65,126064,200403,326467
2010,66,110976,180019,290995
2010,67,140355,233091,373446
2010,68,182156,304231,486387
2010,69,182465,311326,493791
2010,70,188631,337232,525863
2010,71,191133,348467,539600
2010,72,193344,351191,544535
2010,73,151783,277696,429479
2010,74,121778,224844,346622
2010,75,87196,164368,251564
2010,76,69439,138549,207988
2010,77,81976,175975,257951
2010,78,81965,173906,255871
2010,79,91499,206655,298154
2011,0,254668,239343,494011
2011,1,262195,245647,507842
2011,2,260595,244842,505437
2011,3,240019,227100,467119
2011,4,233199,221955,455154
2011,5,216641,204213,420854
2011,6,216979,205208,422187
2011,7,206982,196296,403278
2011,8,198415,186452,384867
2011,9,190383,179567,369950
2011,10,195892,185085,380977
2011,11,197828,187763,385591
2011,12,209164,200467,409631
2011,13,218915,208432,427347
2011,14,236498,225247,461745
2011,15,245711,233968,479679
2011,16,255780,243148,498928
2011,17,270626,258058,528684
2011,18,291664,277955,569619
2011,19,313210,297972,611182
2011,20,329341,313643,642984
2011,21,344621,329250,673871
2011,22,366732,350988,717720
2011,23,379253,363074,742327
2011,24,401441,386012,787453
2011,25,388785,375664,764449
2011,26,397609,384146,781755
2011,27,404234,390130,794364
2011,28,369661,354709,724370
2011,29,354050,347384,701434
2011,30,360678,355143,715821
2011,31,339924,336321,676245
2011,32,335484,336065,671549
2011,33,322960,327014,649974
2011,34,339356,344168,683524
2011,35,330174,339520,669694
2011,36,320781,331626,652407
2011,37,311594,323518,635112
2011,38,319614,335292,654906
2011,39,316976,331526,648502
2011,40,313151,329210,642361
2011,41,286624,305616,592240
2011,42,290187,311271,601458
2011,43,284495,309115,593610
2011,44,291731,320455,612186
2011,45,286909,319585,606494
2011,46,298227,335492,633719
2011,47,315767,360104,675871
2011,48,322001,370919,692920
2011,49,332365,384486,716851
2011,50,341983,399414,741397
2011,51,322834,384708,707542
2011,52,317603,382639,700242
2011,53,301444,369229,670673
2011,54,296376,369351,665727
2011,55,273876,347101,620977
2011,56,278064,358427,636491
2011,57,250908,329004,579912
2011,58,259681,344428,604109
2011,59,256392,342033,598425
2011,60,249808,339321,589129
2011,61,253212,353956,607168
2011,62,207853,294567,502420
2011,63,180419,263423,443842
2011,64,168706,255945,424651
2011,65,106803,169553,276356
2011,66,120719,196809,317528
2011,67,106079,176524,282603
2011,68,133802,228164,361966
2011,69,173145,297587,470732
2011,70,172819,303477,476296
2011,71,177589,327569,505158
2011,72,179247,337296,516543
2011,73,180352,338607,518959
2011,74,140884,266577,407461
2011,75,112191,214425,326616
2011,76,79816,156042,235858
2011,77,63313,130785,194098
2011,78,74144,164903,239047
2011,79,73477,162156,235633
2012,0,257319,241656,498975
2012,1,254290,239066,493356
2012,2,262074,245582,507656
2012,3,260546,244779,505325
2012,4,239939,227066,467005
2012,5,233149,221946,455095
2012,6,216621,204201,420822
2012,7,216936,205168,422104
2012,8,206936,196289,403225
2012,9,198393,186452,384845
2012,10,190334,179530,369864
2012,11,195858,185080,380938
2012,12,197795,187741,385536
2012,13,209116,200455,409571
2012,14,218826,208388,427214
2012,15,236412,225189,461601
2012,16,245609,234009,479618
2012,17,255703,243185,498888
2012,18,270496,258075,528571
2012,19,291498,277969,569467
2012,20,312967,297944,610911
2012,21,329008,313646,642654
2012,22,344178,329231,673409
2012,23,366202,350939,717141
2012,24,378657,363051,741708
2012,25,400760,385941,786701
2012,26,388094,375600,763694
2012,27,396835,383957,780792
2012,28,403379,389940,793319
2012,29,368762,354493,723255
2012,30,353100,347076,700176
2012,31,359661,354788,714449
2012,32,338721,335876,674597
2012,33,334152,335636,669788
2012,34,321616,326577,648193
2012,35,337814,343611,681425
2012,36,328526,338982,667508
2012,37,319069,331018,650087
2012,38,309961,322898,632859
2012,39,317870,334662,652532
2012,40,315131,330855,645986
2012,41,311217,328456,639673
2012,42,284671,304963,589634
2012,43,288184,310541,598725
2012,44,282238,308307,590545
2012,45,289325,319650,608975
2012,46,284526,318665,603191
2012,47,295373,334480,629853
2012,48,312563,358933,671496
2012,49,318620,369642,688262
2012,50,328499,383002,711501
2012,51,337729,397779,735508
2012,52,318278,382989,701267
2012,53,312857,380826,693683
2012,54,296711,367328,664039
2012,55,291393,367402,658795
2012,56,268657,345056,613713
2012,57,272406,355974,628380
2012,58,245472,326464,571936
2012,59,253626,341683,595309
2012,60,249987,338987,588974
2012,61,242894,336014,578908
2012,62,245521,349845,595366
2012,63,201110,290886,491996
2012,64,174256,259997,434253
2012,65,162669,252157,414826
2012,66,102762,166960,269722
2012,67,115528,193284,308812
2012,68,101286,173014,274300
2012,69,127251,223259,350510
2012,70,164535,290769,455304
2012,71,163483,295455,458938
2012,72,166737,317885,484622
2012,73,167711,326236,493947
2012,74,167861,325966,493827
2012,75,130738,255213,385951
2012,76,103312,204152,307464
2012,77,72882,147673,220555
2012,78,57494,123047,180541
2012,79,66933,153951,220884
2013,0,266820,250481,517301
2013,1,256967,241404,498371
2013,2,254237,239007,493244
2013,3,262034,245566,507600
2013,4,260473,244798,505271
2013,5,239901,227055,466956
2013,6,233152,221913,455065
2013,7,216603,204225,420828
2013,8,216915,205192,422107
2013,9,206934,196268,403202
2013,10,198396,186444,384840
2013,11,190341,179524,369865
2013,12,195851,185083,380934
2013,13,197747,187721,385468
2013,14,209108,200438,409546
2013,15,218770,208355,427125
2013,16,236427,225219,461646
2013,17,246690,234332,481022
2013,18,258319,244076,502395
2013,19,273728,259220,532948
2013,20,294729,279194,573923
2013,21,315818,299083,614901
2013,22,331707,314764,646471
2013,23,346660,330232,676892
2013,24,368187,351783,719970
2013,25,379888,363524,743412
2013,26,401430,386262,787692
2013,27,388434,375765,764199
2013,28,396799,383941,780740
2013,29,403121,389828,792949
2013,30,368335,354370,722705
2013,31,352408,346882,699290
2013,32,358804,354497,713301
2013,33,337551,335543,673094
2013,34,332918,335290,668208
2013,35,320239,326133,646372
2013,36,336490,343172,679662
2013,37,326979,338471,665450
2013,38,317427,330461,647888
2013,39,308373,322356,630729
2013,40,316163,334019,650182
2013,41,313265,330200,643465
2013,42,309358,327734,637092
2013,43,282691,304269,586960
2013,44,286112,309733,595845
2013,45,279935,307459,587394
2013,46,286933,318761,605694
2013,47,282031,317800,599831
2013,48,292455,333441,625896
2013,49,309205,357747,666952
2013,50,314830,368347,683177
2013,51,324488,381487,705975
2013,52,333299,396061,729360
2013,53,313693,381217,694910
2013,54,308008,378939,686947
2013,55,291432,365271,656703
2013,56,286074,365189,651263
2013,57,263232,342681,605913
2013,58,266584,353371,619955
2013,59,239708,323827,563535
2013,60,246942,338670,585612
2013,61,242998,335628,578626
2013,62,235748,332377,568125
2013,63,237454,345616,583070
2013,64,194243,287067,481310
2013,65,167930,256176,424106
2013,66,156344,248269,404613
2013,67,98619,164270,262889
2013,68,110139,189500,299639
2013,69,96350,169271,265621
2013,70,120662,217977,338639
2013,71,155644,283565,439209
2013,72,154157,287070,441227
2013,73,156121,307428,463549
2013,74,156133,314494,470627
2013,75,155497,312567,468064
2013,76,120691,243573,364264
2013,77,94595,193575,288170
2013,78,66382,139130,205512
2013,79,52039,114835,166874
2014,0,257889,242595,500484
2014,1,266548,250262,516810
2014,2,256882,241358,498240
2014,3,254179,239007,493186
2014,4,262046,245549,507595
2014,5,260462,244798,505260
2014,6,239891,227076,466967
2014,7,233152,221908,455060
2014,8,216593,204219,420812
2014,9,216904,205203,422107
2014,10,206907,196256,403163
2014,11,198396,186433,384829
2014,12,190331,179533,369864
2014,13,195817,185068,380885
2014,14,197721,187706,385427
2014,15,209022,200377,409399
2014,16,218749,208363,427112
2014,17,237163,225503,462666
2014,18,248512,234992,483504
2014,19,260300,244829,505129
2014,20,275158,259828,534986
2014,21,295535,279555,575090
2014,22,316052,299294,615346
2014,23,331823,314809,646632
2014,24,346383,330201,676584
2014,25,367417,351690,719107
2014,26,379178,363496,742674
2014,27,400805,386173,786978
2014,28,387768,375639,763407
2014,29,396090,383828,779918
2014,30,402193,389522,791715
2014,31,367334,354149,721483
2014,32,351448,346607,698055
2014,33,357498,354131,711629
2014,34,336227,335077,671304
2014,35,331379,334836,666215
2014,36,318698,325671,644369
2014,37,334800,342586,677386
2014,38,325320,337837,663157
2014,39,315641,329838,645479
2014,40,306580,321720,628300
2014,41,314187,333319,647506
2014,42,311296,329483,640779
2014,43,307257,326882,634139
2014,44,280695,303490,584185
2014,45,283837,308843,592680
2014,46,277439,306551,583990
2014,47,284282,317791,602073
2014,48,279313,316724,596037
2014,49,289351,332293,621644
2014,50,305482,356388,661870
2014,51,310828,366938,677766
2014,52,320129,379838,699967
2014,53,328553,394277,722830
2014,54,308694,379285,687979
2014,55,302632,376887,679519
2014,56,285917,363106,649023
2014,57,280605,362732,643337
2014,58,257708,340178,597886
2014,59,260524,350555,611079
2014,60,233650,320914,554564
2014,61,239926,335402,575328
2014,62,235560,331975,567535
2014,63,228245,328518,556763
2014,64,229076,341195,570271
2014,65,187222,282891,470113
2014,66,161457,252173,413630
2014,67,149948,244150,394098
2014,68,94415,161332,255747
2014,69,104710,185444,290154
2014,70,91375,165214,256589
2014,71,113936,212300,326236
2014,72,146984,275697,422681
2014,73,145047,278018,423065
2014,74,145579,296706,442285
2014,75,144735,301924,446659
2014,76,143457,298210,441667
2014,77,110720,231267,341987
2014,78,86018,182262,268280
2014,79,60132,130269,190401
2015,0,238366,224682,463048
2015,1,242999,228668,471667
2015,2,251352,236137,487489
2015,3,242605,228069,470674
2015,4,239837,225929,465766
2015,5,247710,232129,479839
2015,6,246323,231388,477711
2015,7,226701,214581,441282
2015,8,221015,210073,431088
2015,9,205474,193518,398992
2015,10,205524,194633,400157
2015,11,196157,186007,382164
2015,12,188441,177059,365500
2015,13,180987,170667,351654
2015,14,186143,175997,362140
2015,15,188196,178592,366788
2015,16,199463,191164,390627
2015,17,209068,199050,408118
2015,18,227882,215982,443864
2015,19,238964,225235,464199
2015,20,249362,234105,483467
2015,21,262876,248278,511154
2015,22,281665,266478,548143
2015,23,300231,284466,584697
2015,24,314504,298698,613202
2015,25,327580,312777,640357
2015,26,346992,332720,679712
2015,27,357886,343352,701238
2015,28,378677,365578,744255
2015,29,366153,355449,721602
2015,30,374537,363599,738136
2015,31,378603,368818,747421
2015,32,344736,335172,679908
2015,33,330345,328029,658374
2015,34,337366,335358,672724
2015,35,317412,317232,634644
2015,36,312900,317055,629955
2015,37,300708,308054,608762
2015,38,316340,324670,641010
2015,39,307408,320373,627781
2015,40,298099,312670,610769
2015,41,289983,305121,595104
2015,42,297047,315906,612953
2015,43,294493,312569,607062
2015,44,290932,310086,601018
2015,45,264845,287265,552110
2015,46,267703,292313,560016
2015,47,261554,290109,551663
2015,48,267525,299869,567394
2015,49,261977,298712,560689
2015,50,271209,313464,584673
2015,51,286262,336222,622484
2015,52,290106,345283,635389
2015,53,299243,357839,657082
2015,54,307062,371535,678597
2015,55,287949,356664,644613
2015,56,281892,354673,636565
2015,57,265436,340788,606224
2015,58,259745,339892,599637
2015,59,237953,317927,555880
2015,60,240081,327319,567400
2015,61,214295,299309,513604
2015,62,219481,312970,532451
2015,63,215888,309863,525751
2015,64,209135,306309,515444
2015,65,209290,317617,526907
2015,66,170980,263530,434510
2015,67,146247,233511,379758
2015,68,135885,226442,362327
2015,69,85535,149626,235161
2015,70,94676,172654,267330
2015,71,82262,153710,235972
2015,72,101567,195742,297309
2015,73,130891,253546,384437
2015,74,128685,254217,382902
2015,75,127910,269803,397713
2015,76,126603,273656,400259
2015,77,124495,268390,392885
2015,78,96104,207491,303595
2015,79,73793,162301,236094
2016,0,211339,197833,409172
2016,1,238053,224436,462489
2016,2,242884,228566,471450
2016,3,251286,236070,487356
2016,4,242525,228012,470537
2016,5,239790,225895,465685
2016,6,247658,232081,479739
2016,7,246292,231359,477651
2016,8,226677,214535,441212
2016,9,220970,210041,431011
2016,10,205415,193481,398896
2016,11,205494,194605,400099
2016,12,196088,185961,382049
2016,13,188378,177020,365398
2016,14,180933,170616,351549
2016,15,186068,175950,362018
2016,16,188132,178596,366728
2016,17,199667,191300,390967
2016,18,209887,199416,409303
2016,19,228717,216345,445062
2016,20,239365,225479,464844
2016,21,249004,234132,483136
2016,22,262351,248210,510561
2016,23,281119,266380,547499
2016,24,299627,284254,583881
2016,25,313751,298618,612369
2016,26,326933,312701,639634
2016,27,346300,332604,678904
2016,28,357229,343228,700457
2016,29,377924,365398,743322
2016,30,365389,355317,720706
2016,31,373599,363325,736924
2016,32,377596,368473,746069
2016,33,343652,334841,678493
2016,34,329211,327713,656924
2016,35,336112,334930,671042
2016,36,316073,316770,632843
2016,37,311492,316567,628059
2016,38,299213,307561,606774
2016,39,314648,324098,638746
2016,40,305622,319800,625422
2016,41,296250,312008,608258
2016,42,288153,304467,592620
2016,43,295105,315155,610260
2016,44,292515,311807,604322
2016,45,288882,309322,598204
2016,46,262769,286474,549243
2016,47,265315,291439,556754
2016,48,259160,289260,548420
2016,49,264886,298893,563779
2016,50,259215,297676,556891
2016,51,268174,312280,580454
2016,52,282787,334969,617756
2016,53,286276,343840,630116
2016,54,295213,356263,651476
2016,55,302282,369718,672000
2016,56,283130,354777,637907
2016,57,276830,352682,629512
2016,58,260318,338471,598789
2016,59,254431,337497,591928
2016,60,232462,315462,547924
2016,61,233782,324457,558239
2016,62,208379,296363,504742
2016,63,212821,309520,522341
2016,64,208929,306173,515102
2016,65,202140,302258,504398
2016,66,201406,312895,514301
2016,67,164310,259283,423593
2016,68,140031,229249,369280
2016,69,129849,222131,351980
2016,70,81538,146446,227984
2016,71,89398,168292,257690
2016,72,77468,149507,226975
2016,73,95195,189839,285034
2016,74,122876,245425,368301
2016,75,119964,245102,365066
2016,76,118369,258565,376934
2016,77,116399,261038,377437
2016,78,113614,254250,367864
2016,79,87444,195204,282648
2017,0,203793,190833,394626
2017,1,211045,197600,408645
2017,2,237929,224336,462265
2017,3,242802,228506,471308
2017,4,251201,236030,487231
2017,5,242467,227967,470434
2017,6,239738,225856,465594
2017,7,247603,232042,479645
2017,8,246238,231335,477573
2017,9,226623,214511,441134
2017,10,220944,210020,430964
2017,11,205363,193450,398813
2017,12,205461,194569,400030
2017,13,196045,185932,381977
2017,14,188298,176999,365297
2017,15,180859,170565,351424
2017,16,185990,175922,361912
2017,17,188144,178590,366734
2017,18,199959,191425,391384
2017,19,210527,199650,410177
2017,20,229118,216485,445603
2017,21,239503,225537,465040
2017,22,249094,234150,483244
2017,23,262233,248188,510421
2017,24,280918,266346,547264
2017,25,299374,284191,583565
2017,26,313398,298552,611950
2017,27,326497,312544,639041
2017,28,345782,332446,678228
2017,29,356606,343069,699675
2017,30,377087,365195,742282
2017,31,364603,355062,719665
2017,32,372641,363038,735679
2017,33,376464,368133,744597
2017,34,342549,334493,677042
2017,35,327960,327331,655291
2017,36,334798,334485,669283
2017,37,314568,316292,630860
2017,38,309988,315973,625961
2017,39,297602,307015,604617
2017,40,312866,323495,636361
2017,41,303838,319180,623018
2017,42,294323,311309,605632
2017,43,286146,303723,589869
2017,44,293019,314366,607385
2017,45,290310,310935,601245
2017,46,286619,308488,595107
2017,47,260553,285635,546188
2017,48,262840,290464,553304
2017,49,256572,288226,544798
2017,50,262022,297829,559851
2017,51,256251,296576,552827
2017,52,264837,311045,575882
2017,53,279060,333552,612612
2017,54,282185,342221,624406
2017,55,290839,354529,645368
2017,56,297343,367794,665137
2017,57,278088,352696,630784
2017,58,271496,350322,621818
2017,59,254987,335932,590919
2017,60,248445,334890,583335
2017,61,226389,312671,539060
2017,62,227425,321405,548830
2017,63,202048,293211,495259
2017,64,205987,305914,511901
2017,65,201870,302297,504167
2017,66,195133,297971,493104
2017,67,193619,307848,501467
2017,68,157589,254805,412394
2017,69,133813,224800,358613
2017,70,123737,217524,341261
2017,71,77479,143022,220501
2017,72,84158,163586,247744
2017,73,72744,144936,217680
2017,74,88760,183513,272273
2017,75,114938,236587,351525
2017,76,111518,235294,346812
2017,77,108821,246807,355628
2017,78,106602,247748,354350
2017,79,103244,239585,342829
2018,0,186249,175540,361789
2018,1,203612,190704,394316
2018,2,210970,197562,408532
2018,3,237860,224277,462137
2018,4,242735,228464,471199
2018,5,251130,235993,487123
2018,6,242412,227890,470302
2018,7,239702,225812,465514
2018,8,247559,231999,479558
2018,9,246176,231298,477474
2018,10,226564,214495,441059
2018,11,220909,209978,430887
2018,12,205307,193413,398720
2018,13,205406,194548,399954
2018,14,196012,185914,381926
2018,15,188228,176981,365209
2018,16,180824,170569,351393
2018,17,186186,176019,362205
2018,18,189258,179078,368336
2018,19,201471,192029,393500
2018,20,211406,200108,411514
2018,21,229126,216597,445723
2018,22,238811,225470,464281
2018,23,248375,233980,482355
2018,24,261652,247985,509637
2018,25,280177,266164,546341
2018,26,298720,284077,582797
2018,27,312702,298394,611096
2018,28,325929,312426,638355
2018,29,345074,332287,677361
2018,30,355862,342871,698733
2018,31,376261,364935,741196
2018,32,363707,354801,718508
2018,33,371652,362715,734367
2018,34,375315,367803,743118
2018,35,341427,334104,675531
2018,36,326819,326940,653759
2018,37,333438,333962,667400
2018,38,313194,315779,628973
2018,39,308440,315414,623854
2018,40,295959,306413,602372
2018,41,311141,322915,634056
2018,42,302079,318522,620601
2018,43,292295,310582,602877
2018,44,284147,302993,587140
2018,45,291008,313573,604581
2018,46,288046,310065,598111
2018,47,284217,307611,591828
2018,48,258279,284748,543027
2018,49,260336,289547,549883
2018,50,253738,287181,540919
2018,51,259091,296697,555788
2018,52,253238,295429,548667
2018,53,261415,309729,571144
2018,54,275157,332060,607217
2018,55,277815,340567,618382
2018,56,286253,352807,639060
2018,57,292336,365746,658082
2018,58,272802,350588,623390
2018,59,265998,347866,613864
2018,60,249164,333426,582590
2018,61,242464,332184,574648
2018,62,220318,309794,530112
2018,63,220974,318175,539149
2018,64,195975,290001,485976
2018,65,199191,302232,501423
2018,66,194822,298194,493016
2018,67,187846,293508,481354
2018,68,185654,302423,488077
2018,69,150706,249945,400651
2018,70,127622,220123,347745
2018,71,117577,212546,330123
2018,72,73484,139598,213082
2018,73,78939,158533,237472
2018,74,68046,140106,208152
2018,75,82581,176816,259397
2018,76,107218,227786,335004
2018,77,103162,225131,328293
2018,78,99682,234596,334278
2018,79,97145,234156,331301